0.000448636
0.998156
0.000448636
0.000448667
0.00216817
0.00115706
0.998228
0.000493502
0.998683
0.000400692
0.998156
0.000438617
1.06115e-05
0.000505025
1.0824e-05
0.000440765
0.000505642
0.998156
0.00202951
0.000505677
0.000517498
0.000451057
0.000505025
0.000438647
0.000440795
0.998768
0.00113663
0.000448636
0.000493536
1.0611e-05
0.000448667
0.000438617
0.000451088
0.00214744
0.000517498
0.000505642
0.00113663
0.998273
0.000505642
0.000448783
0.00214744
0.00050506
0.000505677
0.000505642
0.000517498
0.00116016
0.000391743
0.00118163
0.00202951
0.000505025
0.000451057
0.000505677
0.998231
0.00045911
0.000438647
0.000391743
0.000438647
0.00045911
0.00045911
0.000448636
0.00214744
1.0343e-05
0.998733
1.03433e-05
0.998683
0.00050506
0.998156
0.000438617
0.000448814
0.000517498
0.000440795
0.00116016
0.000448814
1.08236e-05
0.00214744
0.000493502
0.000400719
1.03712e-05
0.000505677
1.03716e-05
0.000451057
0.00216817
0.000448814
0.00216817
0.000448636
0.00050506
0.99834
0.998156
0.00045911
0.000400719
0.000451057
0.000448783
0.000448667
0.000451088
0.000517534
0.000459079
0.000459079
0.00050506
0.00216817
0.00214744
0.000493502
0.00116076
0.000440765
0.00111608
0.000440795
0.000440765
0.000505677
0.00045911
0.000448783
0.00113615
0.0020101
0.000391743
0.000438617
0.000448667
1.0611e-05
0.998733
0.000448636
0.00116016
0.00216817
0.00116016
0.000517534
0.000505677
0.000451088
0.00050506
0.00202951
0.00202951
0.00045911
1.03712e-05
0.000493502
0.000440765
0.000505677
0.000459079
0.000400692
0.00202951
0.00216817
0.00202951
0.000448783
0.000438647
0.00202951
0.998683
0.000448636
0.000438617
1.07941e-05
0.00045911
0.00039177
0.000505677
1.05793e-05
0.000517534
0.998814
0.000400692
0.00113663
0.00039177
0.00118163
0.000448783
0.000459079
0.00115706
0.000440795
0.00216817
0.000448636
0.000505677
0.998768
0.998733
0.000505677
0.000400719
0.000493536
0.00118163
0.998156
0.000448814
0.000448667
0.00113967
0.00111608
0.000400719
0.00113663
0.998683
0.000400692
0.00116076
0.998768
0.00050506
0.00202951
0.000517534
0.000142775
0.00050506
0.00115706
5.55992e-05
0.000451088
0.00045911
1.0343e-05
0.000517498
0.998814
1.03716e-05
1.05822e-05
0.998159
0.998228
1.05825e-05
0.998273
0.00113967
1.0824e-05
1.05502e-05
1.03712e-05
0.00050506
5.55992e-05
0.998768
1.05505e-05
1.03716e-05
1.08236e-05
1.05822e-05
0.000493502
0.00116076
0.000251564
0.000400719
0.00050506
1.05505e-05
0.00012942
0.000400719
0.000459079
1.0611e-05
0.000448667
0.00216817
1.03433e-05
0.998733
1.0611e-05
0.998156
1.06115e-05
1.05822e-05
1.05825e-05
1.0824e-05
1.03712e-05
0.998275
0.000493536
1.07945e-05
1.0343e-05
1.07945e-05
0.000251564
0.00214744
1.03712e-05
0.000400719
1.05825e-05
1.03716e-05
0.998814
0.00050506
1.06115e-05
1.03716e-05
1.05825e-05
1.07945e-05
1.03716e-05
5.55992e-05
0.998735
1.05825e-05
0.998343
1.05825e-05
5.55992e-05
6.09852e-05
0.00012942
1.05502e-05
1.05793e-05
1.07945e-05
9.1504e-05
1.08236e-05
6.09852e-05
0.99877
6.09852e-05
9.1504e-05
0.000459079
0.998814
1.05825e-05
0.99877
9.1504e-05
1.05789e-05
1.07945e-05
1.05825e-05
1.08236e-05
1.05822e-05
1.03712e-05
0.99877
1.0611e-05
1.03712e-05
0.00012942
1.05505e-05
1.05789e-05
1.05505e-05
0.998735
0.000440765
1.03712e-05
1.05789e-05
0.000448636
1.05822e-05
1.05825e-05
1.05502e-05
1.06115e-05
1.05793e-05
1.07941e-05
1.0611e-05
0.998735
1.07941e-05
1.05793e-05
0.998156
1.03712e-05
1.05789e-05
0.998343
1.0824e-05
1.08236e-05
1.05789e-05
0.998231
1.05793e-05
1.03433e-05
1.08236e-05
1.08236e-05
0.998735
0.000142775
1.03433e-05
1.05822e-05
1.05505e-05
1.07945e-05
1.06115e-05
0.000227132
0.998343
0.998343
1.0611e-05
0.000142775
1.05825e-05
1.05789e-05
1.05505e-05
1.06115e-05
1.03712e-05
0.00050506
1.05825e-05
9.1504e-05
1.0824e-05
1.0343e-05
6.09852e-05
1.07941e-05
1.03712e-05
0.000440795
1.07945e-05
1.06115e-05
1.07941e-05
1.03716e-05
1.05502e-05
0.000227132
1.03716e-05
0.00012942
0.0020101
1.07941e-05
0.000505642
1.05505e-05
0.998275
1.07941e-05
0.998159
6.28532e-05
5.55992e-05
1.05793e-05
0.000493536
1.07941e-05
6.09852e-05
0.000100767
9.1504e-05
0.000142775
1.06115e-05
0.998231
6.09852e-05
1.05505e-05
6.09852e-05
0.99877
5.73022e-05
1.0611e-05
1.06115e-05
0.00012942
5.55992e-05
6.28532e-05
1.05502e-05
1.07941e-05
0.00013361
1.05502e-05
1.03716e-05
0.000142775
6.09852e-05
0.998159
1.07941e-05
1.0611e-05
0.000142775
1.05505e-05
0.998275
5.55992e-05
9.1504e-05
1.07941e-05
6.28532e-05
1.0824e-05
1.0611e-05
1.06115e-05
1.05505e-05
0.998343
1.03712e-05
0.000142775
0.000142775
1.0611e-05
5.55992e-05
9.1504e-05
1.03712e-05
6.09852e-05
0.00013361
1.0343e-05
1.03433e-05
1.05793e-05
0.000142775
0.000100767
5.55992e-05
5.55992e-05
0.998273
0.000234485
0.000142775
0.000142775
6.09852e-05
6.28532e-05
0.998816
0.000142775
0.00012942
0.000100767
0.000103854
9.1504e-05
0.00012942
9.43067e-05
5.55992e-05
6.09852e-05
6.09852e-05
0.000142775
0.000103854
6.09852e-05
9.43067e-05
0.00012942
6.09852e-05
0.000234485
5.55992e-05
0.000147397
9.1504e-05
0.000147397
0.000142775
6.09852e-05
0.000100767
0.000142775
0.000142775
1.0343e-05
0.00012942
5.55992e-05
9.1504e-05
5.55992e-05
5.55992e-05
0.999451
0.000142775
5.55992e-05
0.000100767
5.55992e-05
6.09852e-05
0.00012942
6.09852e-05
0.000251564
5.55992e-05
6.28532e-05
5.55992e-05
5.55992e-05
0.000227132
0.998231
5.55992e-05
0.000251564
5.55992e-05
1.05789e-05
9.43067e-05
0.998768
0.000259707
0.000100767
0.000103854
0.00012942
0.000251564
6.28532e-05
0.00012942
0.000227132
0.000142775
9.43067e-05
1.03712e-05
0.000100767
6.09852e-05
9.1504e-05
0.998231
1.05505e-05
0.000100767
0.998159
6.09852e-05
1.03433e-05
6.09852e-05
0.000251564
6.09852e-05
0.99945
6.09852e-05
0.00012942
5.55992e-05
0.999998
0.000100767
0.000100767
0.000100767
9.1504e-05
0.000227132
6.09852e-05
6.09852e-05
0.000142775
6.28532e-05
9.1504e-05
9.1504e-05
6.09852e-05
0.000227132
6.09852e-05
6.28532e-05
5.73022e-05
0.000100767
0.000147397
9.1504e-05
0.00012942
9.1504e-05
0.000251564
0.000147397
6.28532e-05
6.09852e-05
6.09852e-05
0.000142775
0.00012942
5.73022e-05
6.09852e-05
5.55992e-05
6.09852e-05
0.00012942
0.000142775
6.09852e-05
0.00013361
0.000100767
5.73022e-05
5.55992e-05
5.73022e-05
1.0824e-05
5.55992e-05
5.73022e-05
0.000251564
6.09852e-05
0.000142775
9.43067e-05
5.55992e-05
0.000251564
5.55992e-05
0.000142775
1.05505e-05
9.1504e-05
0.999998
0.00012942
0.000100767
6.09852e-05
5.73022e-05
1.07941e-05
9.43067e-05
0.000103854
0.000251564
6.09852e-05
9.1504e-05
0.000100767
5.73022e-05
0.00012942
0.00012942
0.00012942
9.1504e-05
0.999416
6.28532e-05
6.28532e-05
5.55992e-05
5.55992e-05
6.09852e-05
0.00012942
5.55992e-05
0.000227132
5.55992e-05
0.00012942
9.1504e-05
5.55992e-05
6.09852e-05
5.55992e-05
5.73022e-05
0.000251564
0.000142775
0.999823
5.73022e-05
6.28532e-05
0.000234485
0.000259707
0.000147397
0.000103854
5.73022e-05
0.999451
5.73022e-05
5.73022e-05
0.999998
6.28532e-05
0.999793
0.999823
5.73022e-05
0.999823
0.999823
0.999998
6.28532e-05
0.99945
6.28532e-05
5.73022e-05
0.00013361
0.999998
0.999998
0.000100767
6.28532e-05
9.43067e-05
9.43067e-05
0.999998
0.000147397
9.43067e-05
5.73022e-05
0.000234485
0.999823
6.09852e-05
6.28532e-05
0.999998
0.00013361
0.999862
5.73022e-05
6.28532e-05
0.00013361
0.000100767
0.999793
0.000142775
0.999451
0.000147397
0.999823
9.43067e-05
0.999882
5.55992e-05
0.000147397
0.999998
5.73022e-05
6.28532e-05
5.55992e-05
9.43067e-05
0.000234485
0.000147397
0.999998
6.28532e-05
0.999415
0.000103854
0.000142775
0.999998
0.00013361
0.999998
0.00013361
0.00012942
9.43067e-05
0.000234485
0.999451
5.73022e-05
0.00013361
0.99978
0.999416
0.999451
0.000100767
0.000234485
0.999862
0.999416
0.00013361
0.999415
6.09852e-05
5.73022e-05
0.999823
0.000251564
6.28532e-05
0.999415
5.73022e-05
0.000234485
5.73022e-05
5.73022e-05
0.999998
0.000147397
0.00013361
0.000147397
0.99945
5.73022e-05
0.99945
6.28532e-05
0.999998
0.000147397
0.000103854
0.999823
0.000147397
0.999793
0.000259707
6.28532e-05
0.000147397
5.55992e-05
0.000103854
5.73022e-05
6.28532e-05
5.73022e-05
0.999882
5.73022e-05
0.999882
0.000103854
9.43067e-05
0.999862
0.000103854
0.999415
0.000103854
0.000103854
0.000259707
0.00013361
0.999998
0.000234485
6.28532e-05
6.09852e-05
0.999998
0.999811
6.28532e-05
5.73022e-05
0.000234485
9.1504e-05
0.999811
6.28532e-05
0.000147397
0.999823
0.999998
6.28532e-05
0.000147397
0.000103854
9.43067e-05
0.00012942
9.43067e-05
6.28532e-05
0.999998
6.28532e-05
0.000142775
5.73022e-05
0.00013361
0.00013361
0.00013361
6.28532e-05
5.73022e-05
0.999998
0.999862
0.99945
0.000259707
5.55992e-05
9.43067e-05
0.00013361
6.28532e-05
0.00013361
0.00013361
9.43067e-05
0.000227132
5.55992e-05
0.999998
0.999998
0.999998
0.999415
5.73022e-05
0.999998
0.00013361
0.999998
6.28532e-05
0.99978
0.999998
9.43067e-05
0.000227132
0.999998
0.000147397
0.999882
0.999882
0.000103854
0.999853
0.999853
0.99945
0.999811
0.999793
0.000103854
0.999419
0.999823
0.999853
0.999882
0.999811
0.999823
0.999793
0.999451
0.999874
0.999862
0.999823
0.999998
9.43067e-05
0.999998
0.999416
0.999811
6.28532e-05
0.999451
0.000234485
0.000234485
0.99978
0.999823
0.999811
0.999811
6.09852e-05
0.999998
0.999998
0.00013361
6.28532e-05
0.999793
0.999874
0.999874
0.999823
0.99978
0.999811
0.000147397
0.999998
0.999998
0.999793
0.000103854
0.000147397
0.000147397
0.00178599
0.99978
5.73022e-05
0.999998
0.00013361
0.999998
0.99978
0.99978
0.999998
0.999874
0.999853
0.999998
0.000259707
0.999882
0.999823
0.999793
0.999998
0.999811
0.999998
0.999853
0.999998
0.99978
0.999862
0.999998
0.99978
0.999793
0.999853
0.999874
0.999882
0.999793
0.999998
0.999874
0.999853
0.999998
0.999862
0.999874
0.999998
0.999853
0.000610939
0.999998
0.999998
0.999811
0.999882
0.999998
0.999998
0.00281908
0.999853
0.999862
0.999998
0.999998
0.999998
0.999823
0.999793
0.999882
0.99978
0.999862
0.999874
0.999998
0.999874
0.999998
0.999998
0.999853
0.999998
0.999811
0.999882
0.999811
0.999874
0.999874
0.999998
0.999874
0.999793
0.99978
0.999998
0.999998
0.999882
0.00139228
0.999811
0.999874
0.999998
0.999853
0.999793
0.999853
0.999793
0.99978
0.999998
0.999998
0.999811
0.999823
0.999793
0.999317
0.999811
0.999998
0.999862
0.999862
0.999823
0.99978
0.999862
0.999998
0.999823
0.999811
0.999998
0.999811
0.999998
0.99978
0.999439
0.999853
0.000458577
0.999989
0.999998
0.999998
0.999998
0.999862
0.999811
0.999998
0.999793
0.999998
0.000975858
0.999998
0.999853
0.999811
6.28532e-05
0.999853
0.994085
0.999998
0.999793
0.999793
0.999998
0.999823
0.999882
0.999862
0.999823
0.000470534
0.999998
0.999874
0.999998
0.999874
0.999882
0.999823
0.99978
0.999998
0.999853
0.999874
0.000651589
0.999998
0.999823
0.999998
0.999139
0.999998
0.999998
0.999823
0.99978
0.999998
0.999862
0.999793
0.999793
0.999419
0.999998
0.000946291
0.999853
0.999823
0.998953
0.00178386
0.999998
0.999998
0.99978
0.000632853
0.999419
0.99944
0.99944
0.99944
0.000975858
0.999862
0.000632853
0.999862
0.00134861
0.000975858
0.999998
0.999341
0.00259068
0.000975858
0.999341
0.999998
0.999874
1
0.994085
0.000946291
0.000946291
1
0.000632853
0.00091345
0.999998
0.00178599
0.997381
0.999811
0.999823
0.99944
0.994085
0.998953
0.997458
0.998989
0.998953
0.999419
0.99978
0.999341
0.999341
0.000975858
0.00091345
0.999341
0.00157235
0.999823
0.994085
0.999989
0.998989
0.99944
0.999998
0.996428
0.00174391
0.00174391
0.996533
0.00130328
0.000946291
0.00174599
0.000651589
0.99978
0.995375
0.000975858
0.999317
1
0.999996
0.000429964
0.999317
0.999317
0.999811
0.99998
0.000632853
0.999882
0.999419
0.00144071
0.998989
0.994085
0.994085
0.999341
0.998953
0.99944
0.999418
0.00274679
0.00161028
1
0.999811
0.000885772
0.994361
0.99944
0.000593372
1
0.999341
0.00091345
0.999992
1
0.999996
0.00161028
0.995597
0.999853
0.999998
0.999996
0.999989
0.999874
0.999139
0.999107
0.000946291
0.999419
0.999811
0.999996
0.999317
0.000429964
0.999439
0.999419
0.997458
0.999341
0.000458577
0.998989
0.00178386
0.00178599
0.999998
1
0.999418
0.000946291
0.000593372
0.999341
0.999989
0.999341
0.00178386
0.00091345
0.998989
0.00144071
0.998952
0.995597
0.995597
0.999139
0.00274679
0.999992
0.00259068
0.997458
0.999874
0.999992
0.999998
0.999811
0.999418
0.995375
1
0.00281908
0.00259068
0.999998
0.00252423
0.000470534
0.995597
0.995597
0.999106
0.998989
0.999996
0.995597
0.998953
0.000441174
0.999853
0.999139
0.994361
0.995597
1
0.999106
0.00139228
0.995375
0.00274679
0.999874
0.999862
0.999996
0.999998
0.999341
0.00281908
0.00144071
0.999998
0.999998
0.998989
0.999998
0.995375
0.00281908
0.999853
1
0.999994
0.999997
0.999996
1
0.999999
0.999998
0.999998
1
0.999998
0.999989
0.999996
0.999999
1
0.999998
1
0.999998
0.99998
0.999993
0.999997
0.999989
0.99998
0.999992
0.999996
1
0.999999
0.999998
1
0.999994
1
0.999988
1
1
1
1
0.999989
0.999996
1
0.999999
0.999989
0.999996
0.999989
0.999995
0.999996
1
0.999993
0.999999
1
1
1
0.999995
0.999998
0.999994
0.999996
1
0.999996
1
1
0.999998
0.999998
0.999992
0.999999
0.999999
0.999999
1
0.999998
1
0.999998
0.999981
0.999979
0.999996
1
0.999999
0.999996
0.999996
1
1
1
1
0.999998
0.999999
1.44168e-06
1
0.999998
0.999989
0.999989
3.52035e-06
1
0.99998
0.999999
0.999999
1
0.999992
0.999988
1
0.999999
0.999989
0.999992
0.999998
1
0.999988
1
0.999996
1
1
0.999997
0.99998
0.999996
1
1
0.999997
3.62895e-06
1
1
0.999998
0.999998
0.99998
0.999994
1
0.999989
0.999996
1
0.999997
1
1
1
0.999989
1
1
0.999981
1
0.999992
0.999998
0.99998
0.999999
3.65835e-06
1
1
0.999999
1
1
0.999999
1
1
0.999996
1
0.999998
0.99999
0.999998
1
0.999981
0.999998
0.999996
0.999996
0.999998
1
1.67387e-06
0.999997
0.999999
0.999999
0.999994
1.40861e-06
1
0.999994
0.999996
1
1
0.999994
0.999996
0.999979
0.999981
1
0.999994
0.999996
1
1.75355e-06
0.999996
0.999999
0.999997
0.999994
1
1
1
0.999999
1
0.999992
0.999994
0.99999
3.62895e-06
0.00273986
1.40861e-06
1
0.999994
1.7097e-06
1
0.999995
0.999981
1
0.999998
0.999996
0.999999
3.94298e-07
0.999994
0.999981
0.999998
1
1.75355e-06
0.999995
0.999995
0.999998
1
0.999999
1.47419e-06
1.43997e-06
0.999988
0.00328396
0.999998
1
3.62895e-06
3.65835e-06
1
0.999992
3.54887e-06
1
3.65835e-06
0.00287351
1
0.999989
1
1
0.999989
1.7092e-06
0.999996
0.999989
0.999989
0.999994
0.999988
1.67387e-06
0.999995
1
0.999999
1
1
1
1.67387e-06
1
0.99999
1.47378e-06
0.999994
0.999999
3.54887e-06
0.999998
3.52035e-06
1
1.75355e-06
0.999992
1
0.999996
3.54887e-06
1
0.999998
0.999992
1.75355e-06
0.99817
3.54887e-06
3.54887e-06
0.999989
0.999989
3.65835e-06
0.999992
0.99998
1
1.43997e-06
1
0.999996
1.44127e-06
1
0.999996
0.999988
0.999992
0.999998
1.67338e-06
1.40821e-06
0.999988
1
1.47378e-06
1
1.75304e-06
0.999988
1
0.00287351
0.999989
3.54887e-06
0.99337
0.999979
1.47419e-06
3.65835e-06
3.65835e-06
0.999979
0.999988
1.7092e-06
1
3.54887e-06
1
1
1
1
1
1
0.992687
0.983882
1
1
0.999988
1
1.71629e-06
1
0.999995
0.999988
1.75355e-06
1
1
3.52035e-06
0.99998
3.65835e-06
1.67338e-06
0.999998
0.999992
4.85137e-07
0.999989
0.999992
1
1.44168e-06
1.7092e-06
0.999994
1.47419e-06
1
0.983882
1.7097e-06
1
3.65835e-06
0.99998
0.999998
0.999998
0.999994
3.65835e-06
0.999998
3.54887e-06
1.67338e-06
0.999992
0.999988
0.999999
1
1.44168e-06
1.44168e-06
3.54887e-06
0.0031304
1
0.999999
1
0.999992
0.00307263
0.983882
0.999999
0.999989
0.00292891
3.54887e-06
1.7092e-06
1
0.999998
1
1.44127e-06
1.75355e-06
1.7092e-06
1.44127e-06
1
0.999998
3.65835e-06
0.999994
0.999995
1
1.47378e-06
0.999994
3.54887e-06
1.43997e-06
0.99817
3.65835e-06
3.65835e-06
1.75355e-06
3.54887e-06
0.999988
3.65835e-06
0.999994
1.71629e-06
0.99998
3.52035e-06
0.999999
1.71629e-06
0.999996
1
1
3.8026e-07
1
0.999999
1
3.54887e-06
1
0.999998
0.00292838
1
0.00292891
1.44168e-06
3.54887e-06
1.7097e-06
0.999988
3.62895e-06
3.65835e-06
1
1.44038e-06
3.82967e-07
3.54887e-06
0.999999
0.999998
1
3.65835e-06
0.999994
0.999992
1.40821e-06
0.00273986
0.999999
3.65835e-06
1
1
3.65835e-06
3.65835e-06
1.7097e-06
0.999999
1.75304e-06
1.7092e-06
1.7097e-06
1.47378e-06
1
3.54887e-06
0.999994
